SIMP
NP=1024
SW=16000
TYPE=SPE
DATA
0.167223024 -0.273301069
-0.0631278911 0.00342733922
0.141555977 -0.202652316
-0.232688229 -0.0446540813
0.12815541 -0.0496287956
-0.375811373 -0.179283091
-0.171562521 0.391462346
0.100890074 0.216974305
0.242813897 0.10346004
-0.0149133274 -0.168989437
-0.098190079 0.181398238
0.0523124656 0.139038226
0.208000668 0.208312354
0.182991574 -0.167998213
-0.0357756891 0.108987978
0.240139594 -0.0696825439
-0.0856981039 -0.0564046341
0.143828131 0.0378178507
-0.006100041 -0.150406711
-0.0978238649 -0.0135582789
-0.078435804 0.0863546134
-0.00540368511 0.100478863
0.0560532646 0.176006179
0.177069947 -0.0218857566
-0.0197997808 0.067658191
0.26153175 -0.0164145256
-0.0509763436 -0.161810402
0.0722902453 -0.0419405201
-0.180334591 -0.151691337
-0.0457347747 0.106426047
-0.13419905 -0.0759922345
-0.10555705 0.142590609
-0.171961189 0.0524645464
-0.032078124 0.336763584
0.0622787513 0.088071522
0.0859366104 0.236303049
0.116840307 -0.0544482733
-0.00841341222 0.158995693
0.128557154 -0.0839222139
-0.180727584 0.0675149409
0.0277842823 0.148391128
-0.0210433707 0.126953257
0.0192364872 0.143267851
0.119687205 0.21433692
0.145126862 -0.0705385198
-0.0592880224 0.148959526
0.214324039 -0.0357842299
-0.207486747 -0.0122495182
0.0937114583 0.214785234
0.0150726232 -0.0288789974
-0.0432289133 0.0657845971
-0.131439658 0.148186248
0.124713373 0.279318161
0.0985708101 -0.0130815616
-0.0374069902 0.175174527
0.212680357 0.140140953
0.104797225 -0.095512377
-0.0319337993 -0.000413226617
-0.0143981612 -0.0409499806
-0.189263605 0.0405496875
-0.0788429146 0.210101941
0.01254189 0.157192355
0.0165962559 0.122645872
0.0220682633 0.0745770875
-0.137180941 0.0732329909
0.0138964339 0.340288456
0.162506931 -0.0454394427
-0.249815631 0.14293085
0.153499093 0.264675314
-0.0342002706 -0.0343266926
-0.147794991 0.194652994
-0.0213981438 0.295272961
0.103440304 0.179335533
-0.00631903527 0.190587727
0.133773105 0.118835568
-0.126241182 0.0864177169
-0.00570532159 0.256451067
-0.08709696 0.25796284
0.164591539 0.408384614
0.217466236 0.183006615
0.252935397 0.0965694977
0.0283296785 0.00391939545
0.175216274 0.128393232
-0.0485580339 -0.163604176
-0.192222872 0.228707369
-0.00299669795 0.202108297
-0.0260477167 0.261091279
0.0497970838 0.293857267
0.211950115 0.279926501
0.171824133 0.125060626
0.289263728 0.126036484
0.0933310225 -0.182241525
-0.023211032 0.093100233
0.012750154 -0.0950198049
-0.159431878 0.134202585
-0.0111841666 0.0459746804
-0.185124794 0.189527331
0.0437373879 0.183558333
-0.0998596321 0.146479588
0.0403254843 0.209914732
-0.0276176139 0.0703658789
-0.0914992239 0.139378735
-0.13423389 0.140461199
-0.192339679 0.338509578
0.174446671 0.393833735
0.0951091878 -0.0604390776
-0.245820026 0.159064214
-0.0782428496 0.250137482
-0.146125961 0.261983394
-0.0959368157 0.303159766
-0.115943569 0.410231029
0.0854512725 0.380285413
-0.0293492359 0.32005476
0.100329289 0.396850504
0.0355998314 0.311152439
0.215941486 0.436385047
0.226470975 0.0408440286
-0.164152125 0.190028821
0.0104475695 0.463714979
0.217439941 0.390199535
0.231000374 0.242671398
0.268426079 0.167271378
0.0273857016 -0.0765518749
-0.140745299 0.378806753
0.250938401 0.160807856
-0.234174432 0.240771026
0.309370633 0.541335785
0.274191445 0.0251173291
0.110638315 0.0180889844
-0.245833664 0.107805991
0.169602795 0.520641948
0.151431731 -0.0600269363
-0.0801485483 0.337926577
0.199178207 0.136065729
0.0447100984 0.167148548
0.0393689312 -0.0723945417
-0.357483663 0.274780568
0.16047738 0.40383935
-0.0475754232 0.0712161455
-0.096477171 0.36512136
0.0740247922 0.273361932
-0.0273929894 0.256779959
0.0508588447 0.32847551
0.108776521 0.236619429
0.054765121 0.129308314
-0.130443323 0.185086615
-0.0214501925 0.326434926
-0.0816887434 0.266509578
0.0966551513 0.459513217
0.159754844 0.0620712926
-0.154223896 0.226455511
0.010814577 0.191535502
-0.304752261 0.300622169
0.0967131072 0.589382015
0.123886733 0.113679495
-0.171941549 0.325275224
0.0410794514 0.314467538
-0.174841259 0.332565475
0.0477857425 0.480403426
-0.0288819723 0.333984557
0.0793474888 0.481604428
0.0823100689 0.292474375
0.0634186112 0.368170452
0.0131348237 0.287048445
0.0856011233 0.414069862
0.0574329244 0.193586232
-0.0721241032 0.370539994
0.0156625569 0.367278277
0.0737172295 0.415439718
0.0872509876 0.269102201
0.0413812456 0.253795915
-0.223875238 0.212684222
-0.0884550718 0.659638466
0.088110019 0.331910478
-0.0837245575 0.593357434
0.189435288 0.479137098
0.156678178 0.595356523
0.499729412 0.259475138
0.0714475202 0.0433729176
-0.00766974032 0.140475449
-0.239323379 0.235313282
-0.186042967 0.542288811
0.119419532 0.594554755
0.0601829986 0.320860275
0.0590423305 0.649907795
0.364771518 0.267957436
0.0148988166 0.336918042
0.261804966 0.149052256
-0.328842698 0.214769194
0.0781775438 0.589953521
-0.0250572138 0.30953305
0.0848523852 0.552902227
0.123744181 0.297167283
0.0240028447 0.395313136
0.0469166828 0.367453393
0.0730242089 0.434130031
0.113083359 0.320641459
0.0284028956 0.358397489
0.102991907 0.310879236
-0.0441597725 0.287073476
0.0440095719 0.331138463
-0.21636457 0.233483176
-0.0940375746 0.687542887
0.152995128 0.332197375
-0.0717366583 0.476782374
0.139825436 0.264975911
-0.293129567 0.367264194
0.0117596665 0.559533105
-0.106991993 0.432556738
-0.0134107486 0.52217661
-0.140153411 0.502242087
0.0210217789 0.671414037
0.073163633 0.528003366
0.0465328863 0.50682582
-0.0479768632 0.574654192
0.164939138 0.694216983
0.254910687 0.452936677
0.105370013 0.368235721
0.0439545376 0.447248878
0.101006868 0.425651516
0.0410085391 0.363025877
-0.0985684437 0.372185899
-0.0854031122 0.604402965
0.0724992795 0.495603136
-0.00389805663 0.547851876
0.078939812 0.387275379
-0.218847056 0.55275685
0.120475489 0.678128198
0.0486287629 0.495452601
0.0680799921 0.462822376
-0.175255549 0.553470619
0.162301705 0.73027037
0.090410901 0.428344399
0.0985236984 0.519792875
-0.0548472275 0.302774212
-0.230341887 0.592483346
-0.0737164474 0.669370589
-0.0232288363 0.667096374
-0.0521721392 0.656167678
0.0454829914 0.781490562
0.170833011 0.583972874
-0.0495977968 0.549166899
0.0203033154 0.70853018
0.045927894 0.566251395
-0.0846906584 0.661594482
-0.0252278836 0.688147377
-0.0840290093 0.800919324
0.102536041 0.833171244
0.0862643125 0.781038311
0.166473963 0.736442235
0.0138165936 0.714813909
0.0870497093 0.858654158
0.10079828 0.883187683
0.318887634 0.972991116
0.399562893 0.735677145
0.343876759 0.737940896
0.420748259 0.62690076
0.295153327 0.568930765
0.372887206 0.596918496
0.27773272 0.406523242
0.17603836 0.571036446
0.30806262 0.455288176
0.107255091 0.384829191
0.0144311999 0.505545097
0.126113801 0.615400986
0.036690434 0.417349897
-0.0402735842 0.839612569
0.462206303 0.532362979
-0.0519239999 0.323051551
0.0326010096 0.582955996
-0.0581608986 0.512689902
0.0188107821 0.599447726
-0.113671106 0.498918035
-0.213201119 0.679457047
-0.117296983 0.902768673
0.172652367 0.762823319
-0.0344206577 0.652992543
0.0814385851 0.667738291
-0.227568127 0.542208736
-0.269528534 0.934142779
-0.0348567206 1.01501388
0.0723179889 0.883465468
-0.0332436207 0.957747177
0.225592729 0.914130993
-0.0149243845 0.763979627
0.0902353587 0.987422486
0.138099104 0.821416856
0.0777583088 0.843403061
0.106884372 0.867849966
0.111622178 0.674270441
-0.256792627 0.846848772
0.084809512 1.05879272
-0.0724549953 0.821348747
-0.0900694992 1.10005772
0.00828218488 1.1104458
0.12541376 1.11394601
0.0491458897 1.09634481
0.245958948 1.1456517
0.107849085 0.965215995
0.126858295 1.16359705
0.216557748 1.08906547
0.197571884 1.00351238
0.0179509068 1.14550228
0.366835393 1.21148166
0.180497087 0.927019876
0.141501147 1.05242718
-0.11194467 1.10371614
0.207859731 1.47621945
0.218005452 1.08388355
0.0539657102 1.39746882
0.261440561 1.40275375
0.311220161 1.39384105
0.192391489 1.35651532
0.274424402 1.68361812
0.531677961 1.59604832
0.454766734 1.5920311
0.577224385 1.94365411
1.22082119 1.83679168
1.1212367 1.51674064
1.58344138 1.63272174
1.74885714 0.899089806
1.58189803 0.571727008
1.11881594 0.199582124
0.922768924 0.465540808
0.739608204 0.277515951
0.674955484 0.671610851
0.905097008 0.364379624
0.610830328 0.228064756
0.282906929 0.252392016
0.330357837 0.636036585
0.370050312 0.32455064
0.0292261919 0.580601859
0.128256558 0.72576664
0.263291771 0.882686762
0.302149319 0.576717737
0.0424196128 0.792189649
0.169484496 0.752425971
-0.0326416599 0.916107369
0.16188713 1.0027363
0.129442753 1.0081826
0.200156187 0.992519637
0.0942268895 1.00833452
0.12071185 1.15500151
0.296261113 1.13719423
0.146546704 0.987845703
0.13053537 1.22525435
0.211001686 1.1521263
0.220472867 1.19196947
0.0289186542 1.13979813
0.206441403 1.61661863
0.578946439 1.17067782
0.218558158 1.06740131
0.0506645239 1.1155077
0.0451057939 1.51734379
0.306835823 1.2676724
-0.0586796959 1.40988265
0.12860491 1.57830353
0.150974489 1.74047899
0.445029986 1.57804141
0.146814749 1.56093944
0.333405511 1.70937484
0.264722249 1.61931872
0.210403803 1.63768648
0.0113203473 1.88515837
0.346259836 2.13046073
0.431725781 1.94561666
0.309172012 1.9774585
0.34046447 2.20153895
0.440750178 2.11624889
0.22393517 2.44520785
0.806350372 2.60976519
0.612537865 2.16697681
0.331326994 2.6973245
0.790621099 2.93880593
0.737643151 2.81993372
0.748677422 3.37779512
1.27074784 3.49361599
1.28432324 3.70990426
1.89578353 4.11922536
2.29964905 4.11216176
2.83828724 4.59765295
4.10461721 4.80206359
5.5044451 4.26788592
6.82234019 3.21222053
7.74798529 1.08318155
6.9884779 -1.1909977
5.57593776 -2.39939176
4.05997887 -2.83832462
2.94412893 -2.64026767
2.19416921 -2.2638885
1.89243632 -1.97700582
1.35604221 -1.83901319
1.19908664 -1.34066458
1.11363312 -1.39816761
0.792609212 -1.18142732
0.596317592 -1.11989951
0.240897917 -0.648784576
0.572488449 -0.367139677
0.460430277 -0.487660659
0.396279044 -0.316838293
0.262313134 -0.294248468
0.181686422 -0.0768347699
0.0879717992 0.044183083
0.170678042 0.348673418
0.291958387 0.256243565
0.170920229 0.352267444
0.165847799 0.354110098
-0.0552305421 0.580723241
0.208617503 0.864412084
0.315165032 0.653038852
0.0606137021 0.720175931
0.0869804284 0.990981634
0.228588123 1.13643085
0.489603287 1.04591614
0.211119142 0.76391366
-0.0555735499 1.17327442
0.156340641 1.39813049
0.300682514 1.41181886
0.16703925 1.36422508
0.230374127 1.79505058
0.607375948 1.59736641
0.356085919 1.55823182
0.44600042 1.62736769
0.186759463 1.70618819
0.383333518 2.0833031
0.506595305 1.92430973
0.350695729 2.10525943
0.516087462 2.2359221
0.401424597 2.2911348
0.526199822 2.64163295
0.722088517 2.58622275
0.591509216 2.69859653
0.637651222 2.99544247
0.869447977 3.19748367
0.878626204 3.16983385
0.753844194 3.58304502
0.994970142 4.02087677
1.35372461 4.37732607
1.61690027 4.46022483
1.66361335 4.99810929
2.2702622 5.56907878
2.851842 6.00556034
3.67409075 6.46502254
4.55920492 6.92401806
5.909803 7.56550216
8.12757542 7.92487348
11.0447238 7.14553371
13.9801402 4.775258
15.5365088 0.381867772
14.1754218 -4.01886333
11.3032157 -6.64728322
8.34838209 -7.41499222
6.22642705 -7.36002342
4.40423623 -6.82769338
3.45192245 -6.01658727
2.69350208 -5.54686047
2.1131701 -4.92178689
1.722843 -4.43175725
1.52647689 -3.87084971
1.55139643 -3.72987332
1.08932586 -3.61508853
0.937096472 -3.14089911
0.755829286 -2.99259789
0.711825594 -2.45985359
0.948244952 -2.53402967
0.648867674 -2.51596608
0.447925526 -2.3741231
0.301080246 -1.94534451
0.539419335 -1.93138367
0.19910655 -1.89802103
0.145728278 -1.58184173
0.127791267 -1.30134485
0.342622546 -1.18561687
0.276005481 -1.15288759
0.348499978 -1.02182617
0.39188501 -0.979381559
0.366431743 -1.04872538
0.248293252 -0.852626692
0.326498521 -0.912075943
0.110549671 -0.65118755
0.405109995 -0.697640146
-0.0450563012 -0.613734112
0.271383243 -0.213915864
0.302188433 -0.273532082
0.56832519 -0.284346345
0.211967178 -0.449030756
0.399924543 -0.048796581
0.402630385 -0.373396526
0.172976503 -0.182265064
0.0989248701 0.0310521099
0.412705888 0.230284236
0.240809793 -0.0780910497
0.0855978985 0.408623355
0.333448289 0.414800682
0.241748057 0.554467649
0.364688619 0.717857003
0.49549791 0.785209439
0.462012112 0.806997009
0.572325876 1.00782697
0.546745933 0.94434099
0.460246879 1.313095
0.66207907 1.53292954
0.818211771 1.84240349
1.21784644 1.96098562
1.29032341 1.94713629
1.35243608 2.34415063
1.77976141 2.734066
2.26102773 3.16548945
3.23465173 3.47490108
4.18144797 3.59062237
6.00547129 3.46090363
7.59573941 1.75652935
8.15933542 -0.395972394
7.49363087 -2.74347945
5.8760626 -4.01203547
4.31066564 -4.32730964
3.39871424 -4.04279301
2.69341086 -4.09568212
1.94317176 -3.73238812
1.55693244 -3.42147767
1.26740828 -3.06888429
1.05293065 -2.86294985
0.931575429 -2.51719832
0.914302272 -2.4081811
0.907342158 -2.26533709
0.79204166 -2.38752961
0.528447119 -2.23377183
0.338447502 -2.08458487
0.333405307 -1.77759874
0.246562934 -1.79676234
0.215699554 -1.37201927
0.478181489 -1.49489735
0.251541693 -1.49285222
0.149164332 -1.35191674
0.233808825 -1.0428339
0.420753339 -1.22851272
0.189186112 -1.18555235
0.152924781 -1.05428208
0.281571771 -0.845172592
0.290259784 -1.13047527
0.0275460693 -0.73640174
0.480716128 -0.8124288
0.130613426 -0.996261967
0.0658970917 -0.722738037
0.155977639 -0.57396302
0.224276079 -0.631482461
0.210485574 -0.494953558
0.238518517 -0.649584786
0.0917687481 -0.308402649
0.480607702 -0.487186822
0.104101505 -0.49808534
0.296525847 -0.389825814
0.0818307449 -0.340142095
0.318335904 -0.2381083
0.161401074 -0.288576161
0.213091978 -0.254907897
-0.0154059172 0.0334914875
0.586182507 0.0425681626
0.0702245246 -0.32942733
0.138234133 0.214133664
0.0980643783 0.0868500424
0.168375478 0.542013243
0.459066519 0.493077776
0.565423791 0.42596498
0.355535293 0.43221239
0.629387101 0.747594309
0.606574839 0.453700597
0.428486637 0.818939358
0.557486136 1.120075
1.02142979 1.45414316
1.21436664 1.23605755
1.34377058 1.7433197
2.12234547 1.85985117
2.78677185 1.73507541
3.43092743 1.32409212
4.1481955 0.870830743
4.72352942 -0.42419767
4.30815057 -1.66529957
3.52492079 -2.52201076
2.55785463 -2.73770129
1.90239723 -2.69541992
1.38648752 -2.40705994
1.22259346 -2.24970507
0.949231937 -2.12529769
0.784979099 -2.06595487
0.381107813 -1.83238026
0.509873916 -1.40235802
0.561104037 -1.54536956
0.373923344 -1.32060442
0.544489553 -1.33724372
0.241977295 -1.29190883
0.444289906 -1.06114496
0.305254693 -1.24936133
0.292504624 -0.994526326
0.246563646 -1.14380726
0.140644459 -0.888079593
0.17213072 -0.942349793
0.131466348 -0.700696377
0.224591862 -0.870237759
-0.00971234385 -0.597767787
0.316978825 -0.614891462
0.0579386199 -0.648925895
0.233553597 -0.504466624
0.0853806356 -0.606333836
0.103303843 -0.418608002
0.0556015782 -0.38660343
0.210337758 -0.218433901
0.19818455 -0.378600067
0.180811222 -0.136785444
0.459154152 -0.303060632
0.202181269 -0.517238343
-0.00364528463 -0.336440886
0.0134013834 -0.148068135
0.10273542 -0.111516885
-0.00355918785 -0.181805643
-0.259723667 0.12018285
0.110879314 0.5338942
0.366348799 0.25291968
0.296777431 0.306032332
0.391110337 0.0867549211
-0.00860877902 0.217912161
0.173964907 0.447135808
-0.00122676661 0.553340855
0.356022352 0.87043364
0.364841637 0.597520319
0.284347848 0.849985987
0.296019556 0.930024248
0.456988637 1.30133511
0.726496035 1.19330344
0.721248828 1.32305679
0.794126271 1.28274904
0.62221635 1.74591534
1.24773063 2.09444116
1.3780016 1.99916355
1.65803056 2.49410147
2.28607304 2.62831967
2.84449656 2.8902635
3.86596539 2.93845814
4.98595603 2.8451115
6.93253419 1.82853335
7.46976872 -0.830563647
6.44917531 -2.60202841
5.26428371 -3.62173532
4.0664406 -4.03384256
3.01092413 -4.10979737
2.29193965 -3.86609956
1.61102707 -3.76040154
1.15641011 -3.15873609
1.11527384 -3.06749565
0.671909456 -2.78069706
0.753734115 -2.50328776
0.517808688 -2.5179643
0.306436167 -2.19236242
0.333202384 -1.91051418
0.457541697 -1.78969776
0.462004138 -1.83948651
0.327337864 -1.75256568
0.38053922 -1.65689848
0.283237018 -1.67508978
0.261654352 -1.60162105
-0.000696478627 -1.53637513
0.227272675 -1.1068827
0.306955548 -1.52880449
-0.0114212999 -1.1227699
0.42742723 -1.27931697
-0.116249806 -1.3378581
0.0797937639 -0.899985291
0.167613762 -0.997572922
0.211091532 -0.992802354
0.0675657673 -0.949819548
0.253832544 -0.835417471
0.0971103238 -0.926569688
0.302798207 -0.644633542
0.405623661 -1.03531077
0.11564319 -0.996783401
-0.00455848974 -0.918556351
0.0428309862 -0.58843139
0.290151545 -0.821912177
-0.0758725133 -0.794071825
0.0730729838 -0.564037558
0.039322848 -0.623285732
0.0618869609 -0.488125242
0.108657228 -0.535761461
-0.078132529 -0.506932286
-0.0257077684 -0.0866410595
0.430904334 -0.26456136
0.0763610021 -0.467927618
0.084003483 -0.17303973
0.0782164239 -0.0728664648
0.387642601 0.0538411196
0.252689603 -0.197380698
0.272374495 0.175859818
0.47888374 0.0203266766
0.394243662 0.0837720304
0.337877181 0.12523723
0.432390983 0.500339941
0.723801675 0.417524433
0.707211701 0.579761753
0.993234504 0.652448194
1.14539329 0.795064125
1.55450893 0.822380892
1.84476475 0.877688504
2.53291421 0.797968676
3.09496422 0.301353995
3.61653052 -0.45999091
3.56592705 -1.75802663
2.50862541 -2.51613783
1.88718398 -2.29080085
1.63928331 -2.53477574
0.926256924 -2.45224619
0.72291324 -2.09961397
0.552004106 -1.91942727
0.584664413 -1.67402149
0.6401384 -1.75874882
0.417910903 -1.76351368
0.338569347 -1.61730619
0.303101409 -1.53859979
0.299488254 -1.59796807
-0.108872405 -1.50153304
0.0804094947 -0.970843008
0.305280768 -1.15283383
0.367937948 -1.04691953
0.463024217 -1.44288826
-0.00680281479 -1.39080932
-0.0130582684 -1.13994248
0.0685528555 -0.978889432
0.190594924 -1.11569021
-0.0220647682 -1.084979
0.0201394074 -0.926843999
0.113284173 -0.926213297
-0.0289227247 -0.992947498
0.0355275521 -0.66784158
0.247187067 -0.917866446
0.0649659583 -0.83434691
0.173127532 -1.00454749
-0.219100907 -0.81750139
0.154882569 -0.587142429
0.117754822 -0.844505627
0.00562620298 -0.748141775
0.0586728499 -0.639908645
0.0989364537 -0.729308764
0.0306932296 -0.540455256
0.344921685 -0.690152488
0.0152316787 -0.86441656
0.0199051099 -0.663638796
-0.0703507345 -0.693765258
-0.119827598 -0.463756056
0.0902502374 -0.275514952
0.35759165 -0.474046591
0.185859705 -0.622116583
0.179723799 -0.581154465
0.122188185 -0.584733883
0.107464087 -0.610146548
-0.014078373 -0.489097633
0.122150513 -0.48822302
-0.0685705798 -0.457333782
0.0556932993 -0.32263339
-0.0754869535 -0.312912284
0.0124257514 -0.0326080323
0.242714931 0.0771218758
0.511471034 -0.135087755
0.207877295 -0.182003305
0.465889102 0.0958291628
0.489421702 -0.0307335276
0.777128257 0.163256777
0.847269957 -0.162305768
0.985828571 0.147976034
1.53954084 -0.315743524
1.32785629 -0.73297153
1.25372304 -0.937579837
1.08449589 -1.04511983
1.08214432 -1.27448432
0.711677936 -1.42716166
0.596227909 -1.4141331
0.197238021 -1.43592514
0.189736344 -1.0407522
0.288965091 -1.21082818
-0.0109082162 -1.1799706
-0.123969016 -0.884412049
0.118758011 -0.685661689
0.155967404 -0.824086954
0.24688874 -0.713671376
0.23474115 -1.03214761
-0.0860706566 -0.817429996
0.104418654 -0.647272503
0.241301848 -0.689153995
0.177780391 -0.867381404
0.19406534 -0.699113619
0.22055439 -1.09549408
-0.274621183 -0.803796322
0.0850307277 -0.629833669
-0.0216532486 -0.740329601
0.02673959 -0.73724417
-0.214757799 -0.678353469
-0.0832015282 -0.356016331
0.250457457 -0.379563631
0.233620899 -0.749390813
0.0118117872 -0.545992853
0.22141522 -0.664998584
0.00870160875 -0.561555866
0.281942423 -0.654066158
0.0364484099 -0.67836572
0.21091933 -0.789705671
-0.200831342 -0.70033233
0.175179201 -0.640365265
-0.292091723 -0.747499611
0.0937303116 -0.443597075
-0.293759175 -0.790165271
-0.115580985 -0.129982966
0.147673523 -0.579039558
-0.0635208866 -0.46865378
-0.0311716689 -0.546977328
-0.176894619 -0.382840369
0.0344119401 -0.186241533
0.295841987 -0.511123814
-0.253030371 -0.55246239
0.163800973 -0.0607695209
0.217310699 -0.659894989
-0.101417921 -0.391333281
0.0590746392 -0.369572717
0.111643849 -0.348703825
0.0115844969 -0.523243148
-0.0768722322 -0.202513987
0.220664563 -0.29352729
0.0539582484 -0.399808315
0.0760915469 -0.19587396
0.330646988 -0.317843451
0.0583287293 -0.475003112
0.16052459 -0.171352233
0.247869482 -0.391618387
0.199842019 -0.229778374
0.385466139 -0.362491292
0.31514825 -0.403531907
0.398500529 -0.485353687
0.279247248 -0.629003411
0.15926054 -0.488649445
0.401155069 -0.561839544
0.0781121062 -0.788514095
0.104839509 -0.503514102
-0.0113138453 -0.725215713
-0.0779139621 -0.273062371
0.273590447 -0.486780308
0.0739303018 -0.508548007
0.170906041 -0.580351884
-0.0153167012 -0.538883978
0.127502899 -0.556631106
-0.144870581 -0.628872347
-0.114932441 -0.315385955
0.068087012 -0.351749731
0.0970858003 -0.422908762
0.025659467 -0.511652913
-0.0515368446 -0.37728996
0.0976750894 -0.398391423
0.00032949435 -0.462480846
0.0409229208 -0.455452417
-0.158089848 -0.51850313
-0.213797914 -0.207056888
0.0734038878 -0.0706405662
0.305613237 -0.367952545
-0.0734090599 -0.518362482
-0.0131240884 -0.177964811
0.12118001 -0.294133757
0.162532965 -0.292902996
0.115800108 -0.416918549
0.11884696 -0.361687791
0.0174260967 -0.415075638
0.204969758 -0.263379956
0.0832256693 -0.689001091
-0.187379813 -0.260061676
0.172487939 -0.408265541
-0.200331349 -0.427642665
-0.0698109787 -0.142527855
0.121157986 -0.0917692166
0.368176095 -0.375174521
-0.0198749696 -0.569447513
-0.00711220891 -0.27643211
0.0453072204 -0.429563969
-0.113389203 -0.297371582
0.0438114158 -0.193436912
0.134280287 -0.262388275
0.156681096 -0.447170165
-0.209300505 -0.481812282
-0.176538892 0.0427571317
0.384527001 -0.0889091013
0.142480803 -0.536345473
-0.0513093744 -0.196542586
0.263746683 -0.312788049
0.00544069942 -0.406902411
0.150135437 -0.347687165
-0.131543534 -0.461974346
0.0142742252 -0.13232072
0.0198092557 -0.382242147
-0.0121296332 -0.142005511
0.0373007842 -0.299106634
0.0719347927 0.0181973593
0.435751125 -0.377592082
-0.00671194008 -0.438661377
0.171508228 -0.315490898
0.0347030864 -0.437927412
0.0604220854 -0.372767199
-0.061219412 -0.378130769
0.0864740804 -0.288800258
-0.0638654917 -0.495063911
-0.129618135 -0.211713131
-0.0304927286 -0.334700828
-0.139730168 -0.0840415685
0.269531216 -0.242579136
-0.146970115 -0.466811512
-0.0920927077 -0.0887594476
0.0253348002 -0.170365805
0.163768497 -0.142309162
0.103155637 -0.430247584
-0.105623611 -0.274144138
-0.0190328784 -0.198700114
0.0327058698 -0.164780555
0.117246414 -0.232997305
0.0625040422 -0.361710959
-0.106541654 -0.271877106
0.0454824367 -0.228842183
-0.180489287 -0.264777452
0.0817208802 0.0486023199
0.179224247 -0.343079624
0.0156096478 -0.284532865
-0.122555985 -0.369145643
-0.113843166 0.0298386088
0.195033611 -0.213251357
-0.00305260932 -0.224055017
0.0529250894 -0.28102859
-0.0378679197 -0.186780171
0.00928589929 -0.350144686
-0.307439795 -0.0671160584
0.201660031 0.0952738821
0.142345299 -0.298904456
-0.0155031307 -0.188392024
0.0570620349 -0.130232244
0.109529553 -0.220675354
-0.0135308823 -0.227051029
0.0507196144 -0.142156343
0.0464669011 -0.231504878
-0.0112490134 -0.123158344
0.203188948 -0.162730662
0.0215818662 -0.405044282
-0.103044588 -0.183911375
-0.0632914056 -0.192620022
-0.0221007816 0.0109074017
0.207083677 -0.205077822
-0.0432647827 -0.25541229
-0.0127571936 -0.181237503
-0.101393572 -0.0446467745
0.262785907 0.023473673
0.215710516 -0.403767605
-0.101580765 -0.294830078
-0.00789531146 -0.139142141
0.0497776296 -0.173510244
0.0826351025 -0.273174941
-0.145088908 -0.302600132
-0.0777830672 -0.0805482531
-0.10690333 -0.18174594
-0.0418284753 0.0915378304
0.141487647 -0.173378938
-0.0709669535 -0.035147938
0.192374178 -0.0833720976
0.00525251586 -0.130413601
0.210622112 -0.0414922456
0.186455709 -0.265504152
0.0947834411 -0.25392572
0.0986379814 -0.264366517
0.039621089 -0.34593264
-0.0684478536 -0.270074281
-0.0332550874 -0.254848706
-0.0876777105 -0.247491979
-0.143423625 -0.220046884
-0.117952892 -0.0699184889
-0.0331029469 -0.154996054
-0.0970817524 -0.063105539
0.022612756 -0.102175588
0.0106659439 -0.0839097374
0.047228969 -0.24092917
-0.114225726 -0.114969754
0.0135580599 -0.213535133
-0.232233978 -0.0149511997
0.24211976 -0.0276857189
-0.141630215 -0.327448938
0.00724429259 0.0864570532
0.156773777 -0.312307575
-0.171103186 -0.285040875
-0.159882427 -0.107792209
-0.0642761588 -0.104772024
-0.0911365869 -0.145075441
-0.11532692 -0.19410277
-0.320420578 -0.0853037505
-0.126958838 0.141057566
-0.0459622827 0.028051311
0.0227414832 0.0471095962
-0.0135652826 -0.072268521
0.000485264637 0.0536088128
0.146318928 -0.0874921225
0.0353378451 -0.230483599
-0.128431071 -0.254486621
-0.24848145 -0.0808913096
-0.103758755 -0.00815338348
-0.223433946 -0.0677932182
-0.0901928637 0.229760463
0.149564708 -0.159724187
-0.332918084 -0.124433552
-0.123626911 0.155270039
-0.112390288 0.06427869
-0.0399717582 0.0857147684
-0.120624101 0.110229412
0.109999369 0.0902011859
-0.193604048 -0.0848477525
-0.107119449 0.30054048
0.0497957778 0.186918085
0.25754847 0.192153557
0.100809476 -0.261518337
-0.205764001 0.106474768
0.0685813673 0.110840556
-0.0153890221 0.126373411
0.143794271 0.111692836
0.0777324333 0.00589458307
0.029565998 0.0657153408
0.132049203 0.0927580472
0.0830411004 0.00809532318
0.227911233 0.101878019
END
