SIMP
NP=1024
SW=16000
TYPE=SPE
DATA
0.00767236838 -0.00587923287
0.00755766132 -0.00457424521
0.00717066094 -0.00306439206
0.0068681278 -0.00133935913
0.00656467019 0.000491648072
0.00641887809 0.00237179924
0.00624885916 0.00425467432
0.0061974098 0.00614168331
0.00609106281 0.00801402437
0.00608243458 0.00988640367
0.00600547112 0.011743466
0.00601738242 0.0136026728
0.0059552198 0.0154478653
0.00597797121 0.0172976137
0.00592401591 0.0191343804
0.00595303447 0.0209776757
0.00590404559 0.0228085838
0.00593699367 0.0246476006
0.00589125297 0.0264744976
0.00592684958 0.0283108124
0.00588338666 0.0301350562
0.00592088876 0.0319698485
0.00587912709 0.0337924759
0.00591808404 0.0356266658
0.00587766765 0.0374485027
0.00591779734 0.0392828394
0.00587850102 0.0411045728
0.00591962402 0.0429396926
0.00588130454 0.0447619177
0.00592330779 0.046598383
0.00588587671 0.0484216356
0.00592869316 0.0502599622
0.00589210168 0.0520847425
0.00593569934 0.0539254202
0.0058999306 0.0557522107
0.00594430761 0.0575957204
0.00590937433 0.0594250024
0.0059545589 0.0612718316
0.00592050562 0.0631041014
0.00596656086 0.0649547614
0.0059334716 0.0667905481
0.00598050664 0.068645594
0.00594852037 0.0704854829
0.00599671136 0.0723455408
0.00596605029 0.0741902056
0.00601567863 0.0760560112
0.00598670004 0.0779062605
0.00603822332 0.0797787167
0.00601151742 0.0816355657
0.00606570621 0.0835158312
0.00604229009 0.0853806112
0.00610050749 0.0872702352
0.00608223435 0.0891447549
0.00614704669 0.0910458619
0.00613753412 0.092932596
0.00621415078 0.0948480186
0.00622105365 0.0967500279
0.00632097014 0.0986826229
0.00636184032 0.100601295
0.00651206903 0.102547725
0.00662759535 0.104466878
0.00688374981 0.106379418
0.00712579512 0.108184363
0.007455909 0.10985068
0.00756161822 0.111321588
0.0074899679 0.1128143
0.00718491046 0.11445647
0.00696215552 0.116295998
0.00672455123 0.118205259
0.00662820415 0.120178364
0.00649826376 0.122137968
0.00647810393 0.124125377
0.00639967395 0.126085205
0.00641424178 0.128069757
0.0063597421 0.130026137
0.00639112799 0.13200917
0.00634885082 0.133965017
0.00638928125 0.135949707
0.00635395655 0.13790799
0.00639979097 0.139896966
0.0063688538 0.141859971
0.00641825767 0.14385522
0.00639037598 0.145824683
0.00644237331 0.147827743
0.00641682593 0.149805039
0.00647088379 0.151817162
0.00644727795 0.153803447
0.0065031117 0.15582572
0.00648124694 0.157822025
0.00653872453 0.159855449
0.00651852508 0.161862751
0.00657761955 0.163908297
0.00655910162 0.165927566
0.00661986972 0.167986223
0.00660312885 0.170018468
0.0066657057 0.172091284
0.006650918 0.174137595
0.00671552445 0.176225719
0.00670296003 0.17828731
0.00676992286 0.180392046
0.00675997358 0.182470314
0.00682976216 0.184593184
0.00682298926 0.186689786
0.00689627704 0.188832617
0.00689349017 0.190949571
0.00697125664 0.193114621
0.0069736459 0.19525446
0.00705734898 0.197444605
0.00706671152 0.199610599
0.00715858864 0.201829609
0.00717773253 0.204026114
0.00728134935 0.206279079
0.00731484785 0.208512067
0.00743615076 0.210806069
0.00749183163 0.21308396
0.00764129147 0.215429093
0.00773337395 0.217763982
0.00793066625 0.220174758
0.00808687331 0.222583851
0.00837190828 0.225080215
0.00865087719 0.227585216
0.00911170511 0.2301873
0.00964787162 0.232797092
0.0104913877 0.235477576
0.0115963993 0.238066468
0.0132485641 0.240458043
0.0153196491 0.242145798
0.0175355894 0.2426203
0.0185593567 0.241721346
0.0176951907 0.240833206
0.0155695779 0.241216136
0.0135452168 0.242949768
0.0119331502 0.245346775
0.0108741794 0.24806699
0.0100836048 0.250816038
0.00960529745 0.253607397
0.00920603981 0.256322694
0.00899076506 0.259051839
0.00877149903 0.261703348
0.00868199759 0.264378564
0.00855296046 0.266986655
0.00852959757 0.26963026
0.00845032258 0.272215638
0.00846510404 0.274845701
0.0084158263 0.27742379
0.00845457162 0.280053395
0.00842494781 0.282635325
0.00848002822 0.285274016
0.00846436716 0.28786806
0.00853151725 0.29052311
0.00852660886 0.293135751
0.00860342649 0.295813038
0.00860749 0.298449681
0.00869269186 0.301154275
0.00870484463 0.303819738
0.00879788721 0.306556309
0.00881787578 0.309255174
0.00891876911 0.312028304
0.00894684625 0.314765196
0.00905608218 0.317579641
0.00909297834 0.320359484
0.00921154097 0.323220429
0.00925851188 0.326048713
0.0093879639 0.328962056
0.00944691893 0.331845142
0.00958957865 0.334817842
0.00966331593 0.337763364
0.00982256483 0.340803904
0.00991517006 0.343821315
0.0100959702 0.346940353
0.0102134889 0.350041703
0.0104232623 0.353253022
0.0105748573 0.356454124
0.0108250256 0.35977606
0.0110250434 0.363098252
0.0113338359 0.366555894
0.0116056675 0.37002878
0.012003509 0.373657392
0.0123872146 0.377323093
0.0129277015 0.381173346
0.013496072 0.385092794
0.0142799353 0.389237983
0.0151749076 0.393498271
0.0164064873 0.398039496
0.0179282884 0.402750738
0.0200584123 0.407790058
0.0228953698 0.412996736
0.0269833681 0.418393255
0.032731156 0.423450819
0.0409579995 0.427322878
0.0516504807 0.42772347
0.0627624302 0.421733756
0.0680909268 0.408846146
0.0634310757 0.395832418
0.0526329192 0.389463153
0.0420314167 0.389824967
0.0338611326 0.393722015
0.028201213 0.399086186
0.0242355947 0.404738942
0.0215475285 0.410417488
0.0195841603 0.415849861
0.0182417818 0.421159206
0.0171988064 0.42621668
0.0164995021 0.43119854
0.0159175122 0.435984777
0.0155561565 0.440752835
0.0152281935 0.445373337
0.0150617196 0.450019663
0.0148868837 0.454553054
0.0148430235 0.459144357
0.0147687354 0.463647467
0.0148088586 0.468232564
0.0148064629 0.472747855
0.0149092793 0.477364221
0.0149629606 0.4819253
0.0151168765 0.486603625
0.0152183169 0.491239002
0.0154176742 0.496006303
0.0155633931 0.500742004
0.0158065983 0.505623858
0.0159966581 0.510485383
0.0162853276 0.515507696
0.0165228225 0.520521668
0.0168615573 0.525712264
0.0171526374 0.530908017
0.0175492831 0.536298284
0.0179036506 0.541709614
0.0183700491 0.547336418
0.0188019959 0.553003724
0.0193553637 0.558911853
0.0198855646 0.564884967
0.020550809 0.571130453
0.0212093016 0.577472576
0.0220228683 0.58412742
0.0228540373 0.590920823
0.0238704183 0.598079934
0.0249415517 0.605434455
0.0262446558 0.61322614
0.0276611988 0.62129217
0.029385078 0.6298943
0.0313191245 0.63888294
0.0336877302 0.648548144
0.0364342805 0.658762516
0.039842447 0.669856759
0.0439379148 0.681738391
0.0491281636 0.694794152
0.0556190579 0.708977169
0.0640982877 0.724731609
0.0751989472 0.742019496
0.0902926419 0.761216318
0.111080873 0.781927735
0.140604198 0.803517406
0.18285248 0.822886375
0.242896426 0.832974555
0.321610245 0.817729164
0.402922813 0.75478802
0.442038682 0.641231448
0.406959316 0.526186976
0.327063799 0.460448131
0.248121985 0.443804095
0.187592484 0.453523421
0.145087572 0.473484291
0.115556199 0.49585176
0.0949523009 0.51781175
0.080166124 0.53823049
0.0694619367 0.557128599
0.0614355851 0.574440497
0.055443725 0.590565452
0.0507840286 0.60551542
0.0472493855 0.619684886
0.0444252232 0.633029157
0.0422877223 0.645898865
0.0405497345 0.658192693
0.0392708055 0.670228317
0.0382251724 0.681862963
0.0375133233 0.693394665
0.0369414913 0.704651519
0.0366317512 0.715921536
0.0364082913 0.727012
0.036405396 0.738207336
0.0364581039 0.749299477
0.0367081793 0.76057365
0.0369977806 0.771810104
0.0374737583 0.783298051
0.0379834365 0.794808668
0.0386776445 0.806637709
0.039407955 0.818549305
0.0403288815 0.830848084
0.041296036 0.843292925
0.0424679551 0.856199733
0.0437046908 0.869323985
0.0451697839 0.88299564
0.0467288106 0.89696896
0.0485521211 0.911591444
0.0505128445 0.926619026
0.0527911839 0.942421409
0.0552713435 0.958760295
0.0581484627 0.97603411
0.0613239036 0.994016413
0.0650164121 1.01314382
0.069155249 1.03321108
0.0739980875 1.05470714
0.079521766 1.07746262
0.0860512285 1.10204035
0.0936487034 1.12832999
0.102761799 1.15700148
0.113615073 1.18803962
0.126894225 1.2222709
0.143153526 1.25982637
0.163575528 1.30175067
0.189436699 1.34836417
0.223043624 1.40093513
0.267385637 1.45982612
0.32751222 1.52602325
0.410696697 1.5984667
0.52868147 1.67407831
0.697915894 1.74095944
0.938283701 1.77026564
1.25374005 1.69816008
1.57938992 1.43442956
1.73605185 0.967908271
1.594962 0.495051035
1.27437991 0.220090236
0.957394935 0.141625671
0.714464926 0.169060396
0.543586843 0.237183411
0.42495398 0.315140485
0.341893725 0.391077454
0.282383633 0.461019496
0.239016032 0.524472072
0.206607596 0.581751558
0.182131618 0.633874126
0.163218747 0.681474969
0.148592077 0.725543306
0.137035807 0.766495238
0.128008551 0.805136259
0.120805143 0.841663659
0.115219045 0.87674284
0.110790927 0.910413301
0.107479032 0.943253675
0.104952039 0.975195316
0.103255412 1.00676862
0.102129582 1.03783041
0.101669703 1.06888863
0.101659527 1.09974777
0.102225038 1.13091094
0.103178438 1.16214532
0.104667082 1.19396208
0.106523912 1.2261019
0.108913411 1.25909446
0.111685773 1.29266259
0.115021711 1.32736408
0.118788112 1.36291171
0.123183688 1.39990152
0.128094054 1.43804442
0.13374047 1.47798657
0.140032289 1.51944685
0.147221501 1.56313662
0.155250383 1.60879579
0.164415341 1.65722126
0.174707421 1.70819249
0.186490245 1.76262067
0.199830919 1.82035227
0.215199126 1.88245462
0.232786166 1.94888335
0.253236411 2.02092469
0.276953511 2.09870936
0.30488347 2.18383862
0.337811661 2.27672241
0.37723381 2.37942515
0.424661628 2.49279801
0.482657547 2.61958939
0.554209331 2.76132107
0.644105086 2.92170073
0.758566594 3.10311384
0.907416772 3.31025122
1.10454867 3.54570353
1.37207099 3.81287847
1.74306428 4.10801242
2.26961542 4.4162886
3.02590425 4.68541261
4.10048325 4.78513736
5.51156893 4.43055069
6.96798304 3.21650801
7.66765818 1.09403278
7.03334243 -1.05803481
5.59522844 -2.32386784
4.17287846 -2.71085855
3.08237656 -2.62372447
2.31424126 -2.35569724
1.78025349 -2.04388296
1.40522476 -1.74255144
1.13580094 -1.46839418
0.938290767 -1.22482972
0.789971431 -1.00930894
0.676772839 -0.81851519
0.588574345 -0.648451078
0.519141329 -0.495954438
0.4635178 -0.357988761
0.418760971 -0.232251314
0.382199369 -0.116665195
0.352386628 -0.00959487784
0.327749135 0.0903500338
0.307574153 0.184372872
0.290857364 0.273399399
0.277270913 0.358368736
0.26612665 0.439891592
0.257311706 0.518752856
0.250325185 0.595345973
0.245182273 0.670373605
0.241500503 0.744076827
0.23937738 0.817125097
0.238511185 0.889651917
0.239058027 0.962329347
0.240776715 1.03521627
0.243871212 1.10901633
0.24815158 1.18374037
0.253867778 1.26015026
0.260880016 1.3382331
0.269490037 1.41883702
0.279614872 1.50195087
0.291622407 1.58854217
0.305502719 1.6786321
0.32171606 1.77335045
0.340355936 1.87279136
0.362020083 1.97830591
0.386959404 2.09011928
0.415986963 2.20988903
0.449607463 2.33805853
0.488987491 2.47671888
0.535063032 2.62666645
0.589610346 2.79062014
0.654338408 2.96994116
0.732134153 3.1682752
0.826175408 3.38787684
0.941504088 3.63376442
1.08428126 3.90955031
1.26404521 4.22218123
1.49349168 4.57701832
1.79233061 4.98298439
2.18875701 5.44585977
2.72730182 5.97196403
3.47492592 6.55424504
4.53672582 7.162191
6.06269746 7.69070694
8.23160971 7.87605953
11.0803934 7.14319255
14.0206298 4.67297153
15.4319937 0.367018703
14.1480981 -3.99972364
11.2402417 -6.57639029
8.36408168 -7.37854949
6.15834366 -7.22328226
4.60372947 -6.70366826
3.5221326 -6.09611254
2.76150241 -5.51092853
2.21417084 -4.98123327
1.81192379 -4.51462398
1.50897808 -4.10533571
1.27675857 -3.74738129
1.09494142 -3.43206029
0.95077873 -3.15372323
0.834379282 -2.90560149
0.73964193 -2.68381053
0.661288635 -2.48351119
0.596236714 -2.30219903
0.541423084 -2.13641311
0.495241188 -1.98455854
0.455773991 -1.84410527
0.422184835 -1.71403373
0.393189932 -1.59244405
0.368377078 -1.47867614
0.346833357 -1.371265
0.328392406 -1.26977249
0.312370415 -1.17304075
0.298750365 -1.08076454
0.286997541 -0.992007671
0.277190607 -0.906538256
0.268897478 -0.823582536
0.262262574 -0.742940165
0.256929401 -0.663956783
0.25309242 -0.586431942
0.250455973 -0.509797341
0.249258433 -0.433825808
0.249259158 -0.358006782
0.250742163 -0.282060825
0.253524061 -0.205508001
0.257944575 -0.127988448
0.263889239 -0.0490231223
0.271774837 0.0318632812
0.281581239 0.115185943
0.293841797 0.201583285
0.308679447 0.291657622
0.326816097 0.38627954
0.34860997 0.486213703
0.375106294 0.592666853
0.407078112 0.706681179
0.446158542 0.829958657
0.493902669 0.963995325
0.553083712 1.11122483
0.626839343 1.27384488
0.720321516 1.45531522
0.840129048 1.65874377
0.996795408 1.88864181
1.20512344 2.14832542
1.48877936 2.44093451
1.88308055 2.76298273
2.4437392 3.09812772
3.25001083 3.39099495
4.39658865 3.50184508
5.90290482 3.1266254
7.45771463 1.83172673
8.20355872 -0.434691578
7.52337488 -2.73364534
5.98390735 -4.08559369
4.46130363 -4.4989481
3.29342467 -4.40584976
2.47015875 -4.12027933
1.897163 -3.78830155
1.49408251 -3.46844837
1.20384629 -3.17806267
0.990458673 -2.9213212
0.829594566 -2.69500064
0.706231572 -2.49608442
0.609516814 -2.31980279
0.532801847 -2.16331244
0.470754936 -2.02287226
0.420244024 -1.89656743
0.378379259 -1.78168397
0.343625193 -1.67703198
0.314264849 -1.58063265
0.28954335 -1.49177207
0.268350976 -1.40896962
0.250339786 -1.33181055
0.234735958 -1.2591531
0.221415765 -1.19076744
0.209802443 -1.12574712
0.199902046 -1.06397438
0.191259859 -1.00471026
0.183960752 -0.947901888
0.177629756 -0.892932298
0.172402277 -0.839781872
0.167958572 -0.787924015
0.164468909 -0.73735001
0.161654573 -0.687600568
0.159712604 -0.638660802
0.158397692 -0.590120702
0.157930729 -0.541944664
0.158097034 -0.493756476
0.159142744 -0.445485636
0.160885494 -0.396774697
0.163602739 -0.347502404
0.16715142 -0.297313368
0.171852815 -0.246015643
0.177618022 -0.193234866
0.18483506 -0.138681079
0.193497431 -0.08193177
0.20410152 -0.0225592515
0.216776533 0.0399503395
0.232205047 0.106222344
0.250755619 0.176928279
0.273449715 0.252982878
0.301107167 0.335316931
0.335406971 0.425270968
0.378082148 0.524177933
0.432183896 0.633974039
0.501442294 0.756514633
0.592013231 0.894346332
0.712360292 1.04944175
0.876216174 1.22356008
1.10388057 1.41474638
1.42757505 1.61352335
1.89294971 1.78799613
2.55471625 1.85749722
3.42400976 1.64665334
4.32133503 0.90525215
4.75190276 -0.39656826
4.35977559 -1.71709498
3.47186213 -2.49113499
2.59373592 -2.72357308
1.92025106 -2.66369255
1.44565185 -2.49267241
1.1154317 -2.29474654
0.883308065 -2.10370729
0.716278816 -1.92952523
0.593654804 -1.7746271
0.50132711 -1.63712081
0.430707483 -1.51527728
0.37546029 -1.40631523
0.331829092 -1.30859949
0.296664226 -1.2199452
0.268238635 -1.1392463
0.244812147 -1.0649134
0.225579658 -0.996251442
0.209478475 -0.932097868
0.196154886 -0.872024229
0.184897536 -0.815157858
0.175588865 -0.761233911
0.167712569 -0.709577319
0.161282257 -0.66001974
0.155896949 -0.612023439
0.151647537 -0.565473041
0.148205623 -0.519928293
0.145710791 -0.475297621
0.143883586 -0.431210961
0.142897118 -0.387579801
0.142507833 -0.344084507
0.142914958 -0.300623477
0.143904296 -0.256912013
0.145698902 -0.212821227
0.148112018 -0.168087782
0.151392387 -0.12254121
0.155382925 -0.0759259356
0.160364284 -0.0280135644
0.166216087 0.0214593308
0.173262936 0.0727997589
0.181435067 0.126299102
0.191122113 0.18237116
0.202330105 0.241363422
0.215550331 0.303836885
0.230909927 0.37023688
0.249067027 0.44133174
0.270353547 0.517728807
0.29571542 0.600495547
0.325850643 0.690501778
0.362229607 0.789255389
0.406245042 0.898044207
0.460385152 1.01902714
0.527452787 1.15412975
0.612060128 1.30642448
0.720097954 1.47865956
0.8609837 1.67484349
1.04793132 1.89791921
1.30208457 2.15066769
1.65497279 2.42996608
2.15635353 2.72119673
2.87698641 2.97491361
3.90143507 3.06631613
5.24704212 2.72392292
6.63591411 1.56053704
7.30242583 -0.470119475
6.69562314 -2.5296735
5.32153522 -3.74348842
3.96247854 -4.11911333
2.92011395 -4.0423815
2.18542735 -3.79368457
1.67416876 -3.50341654
1.31460502 -3.22388495
1.05576502 -2.97054493
0.865523768 -2.74717415
0.722147884 -2.55086011
0.612239432 -2.37896088
0.526093562 -2.22717913
0.45778959 -2.09303091
0.402551803 -1.97313351
0.357599474 -1.86583535
0.320336624 -1.76866717
0.289408287 -1.68062802
0.263265165 -1.59990162
0.241249368 -1.52591546
0.222353252 -1.45729481
0.206282333 -1.39373783
0.19232832 -1.33416922
0.180396912 -1.27845596
0.169955176 -1.22572989
0.161024578 -1.17596198
0.153180524 -1.12843085
0.146514609 -1.08316959
0.14067272 -1.03956317
0.135791161 -0.997678896
0.131564271 -0.956980186
0.128158826 -0.917549031
0.125304729 -0.878907044
0.123191655 -0.841136298
0.121577935 -0.80380099
0.120673028 -0.766971129
0.12026069 -0.730240359
0.12057064 -0.693655134
0.121412725 -0.656826122
0.123041138 -0.619763711
0.12529669 -0.58208216
0.128467256 -0.543740364
0.132435554 -0.504339652
0.137540311 -0.463766532
0.143727316 -0.421586843
0.151417535 -0.377584518
0.16066001 -0.331256832
0.172016761 -0.282239718
0.185718416 -0.229911394
0.202583556 -0.173690342
0.223184701 -0.112758558
0.248838121 -0.0462138445
0.280807766 0.0270663856
0.321448472 0.108433534
0.373535914 0.199405976
0.441774738 0.301795387
0.53252344 0.417209458
0.656221272 0.546862051
0.82818528 0.689388906
1.07284834 0.837497362
1.42471463 0.967163256
1.92523906 1.01720991
2.58280238 0.855019193
3.2615945 0.291088298
3.58707573 -0.697066256
3.28989153 -1.69956296
2.61742306 -2.28850317
1.9523698 -2.46771304
1.44216442 -2.42574774
1.08249487 -2.2998686
0.832059416 -2.15370807
0.655872016 -2.01297771
0.528906958 -1.88510068
0.435548763 -1.77205228
0.365071323 -1.67227575
0.311017528 -1.58460484
0.268544437 -1.50680834
0.234851434 -1.43779542
0.20750665 -1.37578486
0.185244745 -1.32009117
0.166700252 -1.26938241
0.151304755 -1.2232897
0.138205011 -1.18080285
0.127173147 -1.14176102
0.117621116 -1.1053723
0.109498382 -1.07160689
0.102363555 -1.03982156
0.0962635831 -1.01006787
0.0908430408 -0.981806084
0.0862050415 -0.955137614
0.0820472865 -0.929596652
0.0785066781 -0.905314172
0.0753154562 -0.881878547
0.0726317981 -0.859436916
0.0702116047 -0.837618199
0.0682272461 -0.816576473
0.0664518392 -0.795971404
0.0650680643 -0.775957245
0.0638625567 -0.756216958
0.0630265116 -0.736899547
0.062358303 -0.717705143
0.0620574539 -0.69877257
0.0619339157 -0.679813537
0.062196937 -0.660951522
0.0626696441 -0.641904007
0.0635744303 -0.622772935
0.0647516339 -0.603274681
0.0664433588 -0.583481417
0.0685152171 -0.563099285
0.071241142 -0.542158885
0.0745275054 -0.520342985
0.0787028631 -0.497622938
0.0837446727 -0.473638286
0.0900809345 -0.448274151
0.0978223678 -0.421096678
0.107590026 -0.391864681
0.119763556 -0.360028656
0.13536707 -0.325171218
0.155367611 -0.286591651
0.181701488 -0.243692095
0.216727287 -0.19573949
0.264607789 -0.142366375
0.331180435 -0.083995888
0.426041373 -0.0235618713
0.562478517 0.0297118124
0.756697285 0.051970374
1.01184243 -0.00817799119
1.27528899 -0.224414157
1.40149797 -0.605367731
1.28599026 -0.991983297
1.02471255 -1.21801363
0.766371334 -1.28504017
0.568104565 -1.2661801
0.428345994 -1.21482489
0.330950176 -1.15558726
0.262440271 -1.09854359
0.212990864 -1.04648283
0.176646301 -1.00026339
0.14913376 -0.959189036
0.128053487 -0.922897016
0.111417225 -0.890430781
0.0982448004 -0.861455555
0.0874843316 -0.835191059
0.0787515771 -0.811458649
0.0714088969 -0.789653998
0.0653424542 -0.76972019
0.0601136578 -0.751179301
0.0557406908 -0.734054057
0.0518880778 -0.717952727
0.0486426426 -0.702947833
0.0457259804 -0.688706798
0.043262537 -0.675332733
0.0410073926 -0.66253465
0.0391065503 -0.650434093
0.0373357992 -0.638770184
0.0358539831 -0.627675125
0.0344503475 -0.616910489
0.0332916768 -0.606614056
0.0321764012 -0.596564586
0.0312764347 -0.586902003
0.0303968215 -0.577418509
0.0297130079 -0.568253742
0.0290351149 -0.559210548
0.0285412886 -0.550426422
0.028045882 -0.541712636
0.0277294591 -0.533202971
0.0274103017 -0.524715197
0.0272716032 -0.516377848
0.0271358049 -0.508013326
0.0271895171 -0.499743188
0.027260255 -0.491392402
0.0275396822 -0.483073329
0.0278623797 -0.474610914
0.0284281613 -0.46610522
0.0290826132 -0.45737758
0.0300395762 -0.44851115
0.0311634423 -0.43931836
0.0326936725 -0.429858458
0.0345295288 -0.419927026
0.03696033 -0.409549023
0.0399553191 -0.398492132
0.043908069 -0.386734105
0.0489402757 -0.37400542
0.0556816564 -0.360235525
0.0646146551 -0.345148408
0.0769455995 -0.328731669
0.0940583876 -0.31101063
0.118566714 -0.29282659
0.153784777 -0.276486482
0.204038259 -0.268249749
0.270013957 -0.281348774
0.338206652 -0.334949136
0.370786322 -0.431207177
0.3408146 -0.52899591
0.27301933 -0.585170856
0.206050564 -0.600217108
0.154582802 -0.592999902
0.118337281 -0.577424476
0.0930043723 -0.559792352
0.0752196821 -0.542786463
0.0623109786 -0.527056294
0.0528621053 -0.512895471
0.0456394137 -0.500052087
0.0401477674 -0.488502072
0.0357455021 -0.477927516
0.0323050826 -0.468310268
0.0294275704 -0.459379483
0.0271396651 -0.451156151
0.0251498886 -0.443416382
0.0235548482 -0.436211416
0.0221147749 -0.42935146
0.0209603366 -0.422907118
0.0198786168 -0.416712257
0.0190179269 -0.410849135
0.0181802703 -0.405168251
0.0175235669 -0.399758566
0.0168586255 -0.39448264
0.0163488131 -0.389433007
0.0158104293 -0.3844813
0.0154100294 -0.379721633
0.0149675192 -0.375032713
0.0146513712 -0.370508945
0.014283984 -0.36603473
0.0140350152 -0.361703901
0.0137286819 -0.357405576
0.0135354066 -0.353232413
0.0132808152 -0.349077519
0.0131358689 -0.345031932
0.0129273674 -0.340992172
0.0128267199 -0.337047293
0.0126617978 -0.333096741
0.0126044841 -0.32922724
0.0124837442 -0.325340701
0.0124720913 -0.321521145
0.0123997602 -0.317672455
0.0124402361 -0.313875474
0.0124254333 -0.310035462
0.0125304657 -0.306229426
0.0125897567 -0.302363202
0.0127813005 -0.298508981
0.0129436856 -0.294572014
0.0132602595 -0.29061819
0.0135771975 -0.286550455
0.0140883734 -0.282426187
0.0146550368 -0.278143643
0.0154931987 -0.273748943
0.0164967808 -0.269133647
0.0179320818 -0.264332394
0.0197701493 -0.259236581
0.0224002396 -0.253892101
0.0259859295 -0.248255869
0.0312167486 -0.242554839
0.038668395 -0.237234099
0.0493956907 -0.233675901
0.0634136645 -0.234658412
0.0779712354 -0.244317414
0.0848625926 -0.263068184
0.0784694015 -0.282176656
0.063938195 -0.292390329
0.0496495967 -0.293855631
0.0386044851 -0.290556428
0.0308744861 -0.285502414
0.0254086519 -0.279997001
0.0216199122 -0.274653527
0.0188069095 -0.269570149
0.0167982981 -0.264849155
0.0151998745 -0.26039741
0.0140367713 -0.256248318
0.0130412411 -0.252295743
0.012316775 -0.248573292
0.0116475354 -0.244985948
0.0111698323 -0.241574617
0.0106908652 -0.238255374
0.010361766 -0.235074532
0.0100008704 -0.231956503
0.00976648136 -0.228950695
0.00948276442 -0.225987619
0.00931169058 -0.22311814
0.00908070664 -0.220277363
0.00895373745 -0.217516558
0.00876020466 -0.214774441
0.0086650993 -0.21210203
0.00849910893 -0.209441003
0.00842780908 -0.206841711
0.0082827494 -0.204248363
0.0082298187 -0.201710372
0.00810118936 -0.199174178
0.00806290701 -0.196688082
0.00794762074 -0.194200541
0.0079214425 -0.191758625
0.00781740809 -0.189312646
0.00780164587 -0.186908358
0.0077075247 -0.184497805
0.00770116717 -0.182125357
0.00761624832 -0.179744684
0.0076188855 -0.177398713
0.00754305716 -0.175042641
0.00755490003 -0.172717889
0.00748872129 -0.170381084
0.00751073479 -0.16807206
0.00745564353 -0.165748757
0.00748985118 -0.163449315
0.00744859679 -0.161132836
0.00749868991 -0.158835599
0.00747618914 -0.15651766
0.00754873721 -0.154213184
0.00755380113 -0.151882874
0.00766075056 -0.149558406
0.00770975252 -0.147200711
0.00787390934 -0.144838503
0.00799912598 -0.142432586
0.00826710014 -0.140008681
0.00853715142 -0.137528587
0.00901212478 -0.135018961
0.00958468563 -0.132453937
0.0105094526 -0.129890441
0.0117503636 -0.127387935
0.0136250414 -0.125201888
0.0160006759 -0.123795735
0.0185374508 -0.123899537
0.0196827508 -0.125569616
0.018601443 -0.127312175
0.0160472031 -0.127514723
0.0136026961 -0.126216307
0.0116510902 -0.124091598
0.0103398432 -0.1216732
0.00935238334 -0.119173807
0.00872231332 -0.116711148
0.00819352856 -0.114290727
0.00787135009 -0.111941032
0.0075528103 -0.109635506
0.00737708102 -0.107389766
0.00716312105 -0.105175985
0.00706355205 -0.103008847
0.00690638302 -0.100863417
0.00684982042 -0.0987546735
0.00672593606 -0.0966605654
0.00669541315 -0.0945960428
0.00659233028 -0.0925414594
0.00657852647 -0.09051134
0.00648917001 -0.0884880542
0.00648665107 -0.0864854212
0.00640678699 -0.0844875629
0.00641222342 -0.0825074147
0.00633920057 -0.0805306786
0.00635046663 -0.0785692943
0.00628256174 -0.0766104302
0.00629825373 -0.0746649608
0.00623431245 -0.0727214436
0.00625347881 -0.0707896442
0.00619271048 -0.0688594556
0.00621469465 -0.0669395061
0.00615655103 -0.0650209851
0.00618089761 -0.0631113658
0.00612499995 -0.0612031048
0.0061513982 -0.0593025073
0.00609749379 -0.0574032745
0.00612574498 -0.0555105343
0.00607368346 -0.0536192133
0.00610368519 -0.0517332544
0.00605341031 -0.0498487925
0.00608515564 -0.0479685775
0.00603671218 -0.0460899354
0.00607030553 -0.0442144132
0.0060238659 -0.0423405094
0.00605956332 -0.0404685538
0.00601548585 -0.0385981943
0.00605377788 -0.0367285218
0.00601272382 -0.0348603027
0.00605450161 -0.0329913547
0.00601767275 -0.0311235188
0.00606457228 -0.0292532886
0.00603421661 -0.0273835199
0.00608937495 -0.025509318
0.00606993746 -0.0236345039
0.00613977894 -0.0217527903
0.00614072251 -0.0198691167
0.00623948123 -0.0179763468
0.00628256176 -0.0160821027
0.00644374283 -0.0141824479
0.00657944906 -0.0122977612
0.00687207515 -0.010450532
0.00716477275 -0.00871787555
0.00754911506 -0.0071868083
END
